% Recorded CoM/CoR Updated
%% Link 1 Hip fan/Swivel, femur and upper knee
 The center of mass and the moments of inertia are output in the coordinate system of sean_assembly_1.1
Mass = 0.320188 kilograms

Volume = 0.000229 cubic meters

Surface area = 0.078844 square meters

Center of mass: ( meters )
	X = 0.065365
	Y = -0.000337
	Z = 0.049341

Principal axes of inertia and principal moments of inertia: ( kilograms * square meters )
Taken at the center of mass.
	 Ix = ( 0.999963, -0.006995,  0.004965)   	Px = 0.000115
	 Iy = (-0.004960,  0.000832,  0.999987)   	Py = 0.003180
	 Iz = (-0.007000, -0.999975,  0.000797)   	Pz = 0.003254

Moments of inertia: ( kilograms * square meters )
Taken at the center of mass and aligned with the output coordinate system.
	Lxx = 0.000115	Lxy = -0.000022	Lxz = 0.000015
	Lyx = -0.000022	Lyy = 0.003254	Lyz = 0.000000
	Lzx = 0.000015	Lzy = 0.000000	Lzz = 0.003180

Moments of inertia: ( kilograms * square meters )
Taken at the output coordinate system.
	Ixx = 0.000895	Ixy = -0.000029	Ixz = 0.001048
	Iyx = -0.000029	Iyy = 0.005402	Iyz = -0.000005
	Izx = 0.001048	Izy = -0.000005	Izz = 0.004548
    
    L1x = 0.344495;
    L1y = 0.036894; 
    L1z = 0.033084;
    
    
    % Abduction Center Of Rotation
 abdCoR = [0; -0.050075; 0.06985];
 
 
%% Link 2 lower knee tibia knee encoder ankle encoder and lower ankle
 Mass = 0.170503 kilograms

Volume = 0.000125 cubic meters

Surface area = 0.055944 square meters

Center of mass: ( meters )
	X = 0.366555
	Y = -0.000297
	Z = 0.053825

Principal axes of inertia and principal moments of inertia: ( kilograms * square meters )
Taken at the center of mass.
	 Ix = ( 0.999965,  0.003430,  0.007691)   	Px = 0.000033
	 Iy = (-0.007746,  0.016527,  0.999833)   	Py = 0.001372
	 Iz = ( 0.003303, -0.999858,  0.016553)   	Pz = 0.001383

Moments of inertia: ( kilograms * square meters )
Taken at the center of mass and aligned with the output coordinate system.
	Lxx = 0.000033	Lxy = 0.000005	Lxz = 0.000010
	Lyx = 0.000005	Lyy = 0.001383	Lyz = 0.000000
	Lzx = 0.000010	Lzy = 0.000000	Lzz = 0.001372

Moments of inertia: ( kilograms * square meters )
Taken at the output coordinate system.
	Ixx = 0.000527	Ixy = -0.000014	Ixz = 0.003374
	Iyx = -0.000014	Iyy = 0.024786	Iyz = -0.000003
	Izx = 0.003374	Izy = -0.000003	Izz = 0.024282
    
    
    L2x = 0.237173; 
    L2y = 0.02856;
    L2z = 0.032385;
    
    
%% Link 3 Foot and lower ankle
Mass = 0.087102 kilograms

Volume = 0.000062 cubic meters

Surface area = 0.022781 square meters

Center of mass: ( meters )
	X = 0.539952
	Y = 0.014351
	Z = 0.049821

Principal axes of inertia and principal moments of inertia: ( kilograms * square meters )
Taken at the center of mass.
	 Ix = ( 0.985613, -0.168941,  0.005119)   	Px = 0.000031
	 Iy = ( 0.168896,  0.985600,  0.008212)   	Py = 0.000284
	 Iz = (-0.006433, -0.007229,  0.999953)   	Pz = 0.000306

Moments of inertia: ( kilograms * square meters )
Taken at the center of mass and aligned with the output coordinate system.
	Lxx = 0.000038	Lxy = -0.000042	Lxz = 0.000001
	Lyx = -0.000042	Lyy = 0.000277	Lyz = 0.000000
	Lzx = 0.000001	Lzy = 0.000000	Lzz = 0.000306

Moments of inertia: ( kilograms * square meters )
Taken at the output coordinate system.
	Ixx = 0.000272	Ixy = 0.000633	Ixz = 0.002345
	Iyx = 0.000633	Iyy = 0.025888	Iyz = 0.000062
	Izx = 0.002345	Izy = 0.000062	Izz = 0.025718

    
L3x = 0.14845; 
Ly3 = 0.078967; 
Lz3 = 0.032385;